2 0.294531 0.444531 0.585938 0.501563
2 0.261719 0.102344 0.104688 0.182812
2 0.450000 0.127344 0.165625 0.251563
2 0.062500 0.700781 0.121875 0.226562
2 0.151562 0.786719 0.128125 0.204687
2 0.124219 0.687500 0.095312 0.181250
2 0.670312 0.631250 0.162500 0.387500
2 0.787500 0.219531 0.406250 0.423438
2 0.692187 0.889062 0.103125 0.171875
2 0.618750 0.713281 0.103125 0.351562
2 0.773438 0.491406 0.131250 0.260937
2 0.841406 0.628906 0.151562 0.251563
2 0.867188 0.883594 0.268750 0.235937
2 0.939063 0.742188 0.125000 0.337500
2 0.960938 0.529687 0.081250 0.218750
