2 0.214062 0.404687 0.425000 0.215625
2 0.210156 0.534375 0.404687 0.078125
2 0.051562 0.729688 0.100000 0.100000
2 0.316406 0.782813 0.420312 0.118750
2 0.114062 0.920312 0.221875 0.078125
2 0.195312 0.846094 0.081250 0.107813
2 0.367188 0.917969 0.284375 0.060937
2 0.730469 0.836719 0.448437 0.232813
2 0.560156 0.967187 0.079687 0.068750
2 0.739844 0.696875 0.429688 0.187500
2 0.099219 0.839844 0.095312 0.129688
2 0.476562 0.512500 0.128125 0.071875
2 0.462500 0.716406 0.153125 0.107813
2 0.571875 0.324219 0.303125 0.317188
