2 0.486719 0.405469 0.595313 0.204687
2 0.707031 0.521094 0.589063 0.082812
2 0.532031 0.697656 0.679688 0.273438
2 0.786719 0.921875 0.429688 0.137500
2 0.927344 0.855469 0.148438 0.067187
2 0.939063 0.769531 0.121875 0.107813
2 0.387500 0.864062 0.365625 0.146875
2 0.537500 0.811719 0.075000 0.107813
2 0.267188 0.936719 0.075000 0.095312
2 0.314063 0.757812 0.128125 0.090625
2 0.230469 0.904687 0.064062 0.090625
2 0.104688 0.632812 0.109375 0.143750
2 0.102344 0.853906 0.107813 0.101562
2 0.207031 0.672656 0.101562 0.076563
2 0.132031 0.936719 0.101562 0.120313
2 0.115625 0.335938 0.159375 0.106250
2 0.032031 0.578125 0.060937 0.846875
