1 0.045312 0.479687 0.084375 0.121875
1 0.180469 0.505469 0.132812 0.114062
1 0.315625 0.514844 0.128125 0.092188
1 0.296875 0.605469 0.156250 0.082812
1 0.141406 0.705469 0.151562 0.139063
1 0.054688 0.621094 0.106250 0.148438
1 0.259375 0.725000 0.084375 0.084375
1 0.160156 0.140625 0.204687 0.131250
1 0.098437 0.284375 0.146875 0.153125
1 0.241406 0.236719 0.073438 0.039062
1 0.799219 0.242188 0.357812 0.137500
1 0.634375 0.321094 0.134375 0.079687
1 0.543750 0.403906 0.246875 0.104688
1 0.760938 0.354687 0.181250 0.109375
1 0.921094 0.330469 0.132812 0.104688
1 0.575000 0.482031 0.290625 0.098437
1 0.857812 0.460156 0.271875 0.164062
