1 0.780469 0.208594 0.442188 0.273438
1 0.229687 0.355469 0.415625 0.317188
1 0.750781 0.357031 0.157812 0.123438
1 0.889844 0.358594 0.095312 0.076563
1 0.982031 0.344531 0.039062 0.117188
1 0.977344 0.473438 0.048438 0.134375
1 0.896094 0.542969 0.095312 0.107813
1 0.582031 0.597656 0.360938 0.251563
1 0.542969 0.428906 0.164062 0.154688
1 0.497656 0.288281 0.107813 0.070312
1 0.493750 0.350000 0.118750 0.065625
1 0.646875 0.471094 0.059375 0.042188
1 0.514062 0.514844 0.075000 0.051562
1 0.644531 0.432031 0.073438 0.076563
1 0.751563 0.430469 0.075000 0.067187
1 0.254688 0.679688 0.296875 0.181250
1 0.078125 0.722656 0.075000 0.142187
1 0.200000 0.537500 0.159375 0.128125
