1 0.356250 0.542969 0.421875 0.367188
1 0.721875 0.520312 0.171875 0.212500
1 0.545312 0.470313 0.306250 0.378125
1 0.920312 0.235156 0.156250 0.467187
1 0.271875 0.099219 0.240625 0.195312
1 0.585938 0.878906 0.418750 0.170313
1 0.901563 0.624219 0.193750 0.195312
1 0.159375 0.957812 0.128125 0.078125
1 0.682813 0.053906 0.043750 0.104688
1 0.025000 0.945312 0.046875 0.103125
1 0.768750 0.980469 0.084375 0.032813
1 0.760938 0.306250 0.037500 0.050000
1 0.731250 0.216406 0.365625 0.229687
1 0.793750 0.014063 0.040625 0.025000
