1 0.134375 0.687500 0.246875 0.362500
1 0.329688 0.609375 0.162500 0.275000
1 0.575000 0.585156 0.178125 0.257812
1 0.473438 0.384375 0.381250 0.175000
1 0.132812 0.691406 0.250000 0.370312
1 0.328125 0.610156 0.165625 0.282813
1 0.576562 0.585156 0.175000 0.267188
1 0.473438 0.382812 0.387500 0.178125
1 0.815625 0.631250 0.084375 0.175000
1 0.798438 0.857812 0.400000 0.278125
1 0.300000 0.270313 0.096875 0.137500
1 0.351562 0.964063 0.131250 0.065625
1 0.443750 0.259375 0.046875 0.100000
1 0.375000 0.337500 0.028125 0.087500
1 0.443750 0.839063 0.146875 0.084375
1 0.425000 0.810156 0.190625 0.167187
1 0.445312 0.614062 0.075000 0.175000
1 0.809375 0.514062 0.315625 0.284375
1 0.807813 0.516406 0.306250 0.270313
1 0.445312 0.616406 0.081250 0.179688
1 0.442188 0.835156 0.137500 0.067187
1 0.423438 0.811719 0.181250 0.154688
