1 0.673438 0.536719 0.521875 0.379688
1 0.821875 0.485156 0.018750 0.014063
1 0.180469 0.414844 0.307812 0.385937
1 0.039844 0.534375 0.076563 0.046875
1 0.925781 0.702344 0.026562 0.185938
1 0.091406 0.530469 0.101562 0.101562
1 0.030469 0.903906 0.057813 0.048438
1 0.501563 0.659375 0.087500 0.068750
1 0.397656 0.750000 0.060937 0.075000
1 0.273438 0.876563 0.078125 0.175000
1 0.379688 0.889062 0.087500 0.181250
1 0.364844 0.421875 0.104688 0.171875
1 0.838281 0.887500 0.045312 0.162500
1 0.197656 0.900781 0.085938 0.098437
1 0.575781 0.302344 0.198437 0.085938
1 0.503906 0.597656 0.329688 0.129688
1 0.602344 0.871875 0.326562 0.221875
