1 0.684375 0.521875 0.559375 0.325000
1 0.834375 0.457813 0.015625 0.012500
1 0.178125 0.474219 0.346875 0.379688
1 0.056250 0.610156 0.109375 0.042188
1 0.984375 0.655469 0.028125 0.182812
1 0.118750 0.603125 0.121875 0.087500
1 0.120313 0.976562 0.093750 0.040625
1 0.550000 0.672656 0.090625 0.057813
1 0.468750 0.776563 0.059375 0.075000
1 0.371875 0.915625 0.109375 0.162500
1 0.479687 0.911719 0.118750 0.170313
1 0.367188 0.462500 0.131250 0.162500
1 0.945312 0.884375 0.106250 0.225000
1 0.298438 0.949219 0.081250 0.095312
1 0.554688 0.310156 0.200000 0.067187
1 0.543750 0.610156 0.346875 0.092188
1 0.685937 0.880469 0.318750 0.232813
