1 0.669531 0.500781 0.207813 0.407813
1 0.306250 0.541406 0.293750 0.364063
1 0.513281 0.525000 0.176563 0.343750
1 0.695312 0.132812 0.278125 0.196875
1 0.813281 0.502344 0.073438 0.301563
1 0.921094 0.122656 0.092188 0.151562
1 0.198437 0.788281 0.156250 0.157812
1 0.809375 0.257812 0.084375 0.121875
1 0.810937 0.764062 0.084375 0.131250
1 0.921094 0.486719 0.060937 0.089063
1 0.960156 0.832812 0.064062 0.087500
1 0.317188 0.793750 0.062500 0.071875
1 0.882812 0.835156 0.031250 0.092188
1 0.137500 0.056250 0.103125 0.028125
1 0.271094 0.151562 0.532813 0.250000
1 0.514062 0.035156 0.081250 0.017188
