1 0.195312 0.460938 0.075000 0.090625
1 0.422656 0.467187 0.029687 0.115625
1 0.439063 0.492969 0.025000 0.048438
1 0.337500 0.437500 0.071875 0.043750
1 0.471094 0.477344 0.023438 0.132812
1 0.486719 0.506250 0.010937 0.050000
1 0.532813 0.475000 0.034375 0.131250
1 0.578906 0.478125 0.035937 0.134375
1 0.623437 0.477344 0.031250 0.132812
1 0.664844 0.482031 0.035937 0.132812
1 0.742969 0.477344 0.054688 0.089063
1 0.702344 0.479687 0.039062 0.131250
1 0.791406 0.494531 0.023438 0.051562
1 0.661719 0.523438 0.026562 0.043750
1 0.925781 0.467969 0.076563 0.079687
