1 0.853125 0.771875 0.293750 0.440625
1 0.177344 0.696094 0.342187 0.289062
1 0.482031 0.778125 0.145313 0.446875
1 0.213281 0.308594 0.132812 0.357812
1 0.350000 0.282813 0.115625 0.431250
1 0.501563 0.299219 0.109375 0.373437
1 0.366406 0.793750 0.092188 0.190625
1 0.873437 0.355469 0.146875 0.354687
1 0.632812 0.960938 0.071875 0.081250
1 0.426563 0.385156 0.059375 0.226562
1 0.059375 0.079687 0.078125 0.153125
1 0.111719 0.946094 0.164062 0.073438
1 0.170313 0.926562 0.325000 0.118750
1 0.749219 0.333594 0.089063 0.089063
1 0.664844 0.320312 0.379688 0.406250
