1 0.841406 0.732812 0.310937 0.440625
1 0.178125 0.653125 0.334375 0.287500
1 0.456250 0.753125 0.150000 0.478125
1 0.239063 0.267188 0.146875 0.356250
1 0.370312 0.241406 0.131250 0.429688
1 0.517188 0.259375 0.125000 0.371875
1 0.349219 0.751563 0.107813 0.190625
1 0.889844 0.317188 0.170313 0.353125
1 0.591406 0.939063 0.098437 0.118750
1 0.439063 0.344531 0.065625 0.226562
1 0.103906 0.058594 0.054688 0.114062
1 0.090625 0.900781 0.150000 0.070312
1 0.157031 0.883594 0.285938 0.120313
1 0.769531 0.295312 0.095312 0.087500
1 0.677344 0.280469 0.395313 0.401562
