1 0.568750 0.719531 0.756250 0.182812
1 0.202344 0.434375 0.148438 0.234375
1 0.717969 0.525000 0.167187 0.246875
1 0.852344 0.539844 0.104688 0.207813
1 0.367969 0.455469 0.145313 0.201563
1 0.548438 0.500000 0.143750 0.218750
1 0.979688 0.542969 0.043750 0.223438
1 0.074219 0.052344 0.042188 0.095312
1 0.450000 0.159375 0.803125 0.300000
1 0.067187 0.313281 0.065625 0.092188
1 0.061719 0.779687 0.042188 0.078125
1 0.934375 0.139063 0.056250 0.068750
1 0.075781 0.925000 0.054688 0.046875
1 0.142187 0.764844 0.218750 0.423438
1 0.194531 0.255469 0.098437 0.023438
1 0.038281 0.479687 0.023438 0.053125
1 0.892969 0.150000 0.029687 0.046875
