1 0.775781 0.566406 0.423438 0.498437
1 0.924219 0.914062 0.054688 0.175000
1 0.753125 0.941406 0.178125 0.120313
1 0.636719 0.147656 0.357812 0.189062
1 0.057031 0.838281 0.098437 0.176563
1 0.522656 0.532031 0.120313 0.370312
1 0.413281 0.596875 0.692187 0.575000
1 0.953125 0.200781 0.096875 0.167187
1 0.303125 0.059375 0.100000 0.093750
1 0.635156 0.218750 0.095312 0.084375
1 0.525000 0.296875 0.065625 0.075000
1 0.611719 0.962500 0.032813 0.078125
1 0.213281 0.037500 0.067187 0.056250
1 0.816406 0.137500 0.035937 0.112500
1 0.528125 0.979688 0.050000 0.043750
1 0.014844 0.457031 0.020313 0.142187
1 0.151562 0.018750 0.050000 0.021875
1 0.090625 0.910156 0.050000 0.051562
1 0.695312 0.086719 0.028125 0.060937
1 0.882812 0.125781 0.028125 0.057813
1 0.461719 0.988281 0.023438 0.026562
