1 0.557813 0.701562 0.756250 0.165625
1 0.173437 0.461719 0.143750 0.229687
1 0.685937 0.460156 0.175000 0.257812
1 0.825000 0.451562 0.103125 0.209375
1 0.334375 0.451562 0.140625 0.209375
1 0.520312 0.465625 0.143750 0.212500
1 0.964063 0.397656 0.068750 0.282813
1 0.023438 0.078906 0.043750 0.154688
1 0.403125 0.126562 0.803125 0.250000
1 0.032813 0.370312 0.062500 0.096875
1 0.040625 0.834375 0.078125 0.075000
1 0.956250 0.035156 0.053125 0.067187
1 0.990625 0.045312 0.015625 0.046875
1 0.873437 0.035156 0.056250 0.067187
1 0.082812 0.976562 0.056250 0.040625
1 0.131250 0.803125 0.259375 0.387500
1 0.153125 0.287500 0.096875 0.037500
1 0.014063 0.542969 0.025000 0.057813
1 0.835938 0.053906 0.031250 0.045312
