1 0.238281 0.435937 0.373437 0.540625
1 0.499219 0.573438 0.270313 0.456250
1 0.366406 0.063281 0.151562 0.101562
1 0.600781 0.107813 0.126562 0.168750
1 0.183594 0.075781 0.110937 0.139063
1 0.713281 0.142969 0.082812 0.157812
1 0.940625 0.440625 0.121875 0.078125
1 0.786719 0.579688 0.345313 0.556250
1 0.482812 0.078906 0.090625 0.120313
1 0.855469 0.145313 0.145313 0.131250
1 0.620313 0.913281 0.609375 0.176563
1 0.152344 0.880469 0.167187 0.160938
1 0.267969 0.893750 0.073438 0.156250
1 0.960938 0.320312 0.081250 0.131250
