1 0.881250 0.200000 0.234375 0.287500
1 0.109375 0.161719 0.146875 0.204687
1 0.337500 0.311719 0.296875 0.104688
1 0.410938 0.249219 0.475000 0.404687
1 0.693750 0.386719 0.103125 0.170313
1 0.373437 0.562500 0.081250 0.112500
1 0.481250 0.553906 0.053125 0.104688
1 0.487500 0.964063 0.146875 0.025000
1 0.489063 0.859375 0.612500 0.275000
1 0.409375 0.453906 0.040625 0.054688
1 0.412500 0.640625 0.015625 0.087500
1 0.417187 0.541406 0.262500 0.395313
1 0.406250 0.010156 0.059375 0.017188
1 0.606250 0.022656 0.040625 0.042188
1 0.575000 0.010156 0.028125 0.017188
1 0.533594 0.012500 0.026562 0.018750
1 0.506250 0.013281 0.015625 0.017188
