1 0.675000 0.482812 0.196875 0.403125
1 0.290625 0.506250 0.253125 0.375000
1 0.493750 0.497656 0.171875 0.342187
1 0.735938 0.110156 0.275000 0.217188
1 0.810937 0.493750 0.062500 0.300000
1 0.959375 0.099219 0.078125 0.195312
1 0.153125 0.745313 0.146875 0.162500
1 0.832812 0.249219 0.081250 0.120313
1 0.776563 0.753906 0.081250 0.129688
1 0.917188 0.482812 0.062500 0.087500
1 0.910937 0.828125 0.062500 0.087500
1 0.273438 0.756250 0.062500 0.075000
1 0.832812 0.826562 0.031250 0.090625
1 0.187500 0.014063 0.103125 0.025000
1 0.281250 0.126562 0.559375 0.250000
1 0.573438 0.011719 0.093750 0.020313
