1 0.447656 0.892188 0.201563 0.218750
1 0.781250 0.476562 0.178125 0.384375
1 0.258594 0.500000 0.132812 0.178125
1 0.864062 0.898438 0.184375 0.118750
1 0.984375 0.663281 0.025000 0.085938
1 0.982812 0.862500 0.025000 0.059375
1 0.104688 0.456250 0.153125 0.215625
1 0.163281 0.610938 0.323437 0.409375
1 0.587500 0.466406 0.115625 0.189062
1 0.858594 0.335938 0.054688 0.159375
1 0.640625 0.904687 0.056250 0.165625
1 0.578906 0.949219 0.045312 0.104688
1 0.683594 0.909375 0.039062 0.109375
1 0.405469 0.432031 0.257812 0.551562
