1 0.468750 0.260156 0.246875 0.217188
1 0.150781 0.653906 0.189062 0.435937
1 0.390625 0.534375 0.165625 0.234375
1 0.883594 0.642969 0.220312 0.379688
1 0.848437 0.402344 0.256250 0.289062
1 0.490625 0.477344 0.118750 0.239063
1 0.271875 0.601562 0.137500 0.215625
1 0.659375 0.450000 0.125000 0.178125
1 0.188281 0.420312 0.126562 0.109375
1 0.496094 0.785937 0.142187 0.234375
1 0.465625 0.785937 0.509375 0.396875
1 0.257031 0.358594 0.045312 0.132812
1 0.576562 0.467187 0.062500 0.156250
1 0.310156 0.385937 0.020313 0.121875
