1 0.710156 0.498437 0.198437 0.406250
1 0.318750 0.490625 0.243750 0.393750
1 0.522656 0.500000 0.173437 0.346875
1 0.777344 0.136719 0.273438 0.223438
1 0.843750 0.525781 0.065625 0.298438
1 0.982812 0.140625 0.037500 0.187500
1 0.175781 0.715625 0.145313 0.171875
1 0.870313 0.285156 0.081250 0.120313
1 0.800000 0.782031 0.081250 0.126562
1 0.948438 0.525781 0.062500 0.089063
1 0.931250 0.868750 0.062500 0.087500
1 0.295312 0.736719 0.062500 0.079687
1 0.853906 0.859375 0.032813 0.090625
1 0.320312 0.131250 0.559375 0.253125
1 0.617188 0.022656 0.093750 0.026562
