1 0.148438 0.732031 0.256250 0.382812
1 0.335938 0.627344 0.181250 0.260937
1 0.576562 0.575781 0.187500 0.257812
1 0.454688 0.382031 0.371875 0.217188
1 0.149219 0.735156 0.260937 0.392188
1 0.333594 0.628906 0.185938 0.270313
1 0.576562 0.572656 0.187500 0.260937
1 0.457031 0.381250 0.376563 0.225000
1 0.821094 0.577344 0.085938 0.179688
1 0.810937 0.813281 0.353125 0.292187
1 0.264844 0.288281 0.095312 0.142187
1 0.402344 0.969531 0.117188 0.054688
1 0.413281 0.261719 0.051562 0.095312
1 0.348438 0.348438 0.034375 0.084375
1 0.472656 0.835938 0.139063 0.100000
1 0.452344 0.811719 0.173437 0.189062
1 0.449219 0.613281 0.089063 0.170313
1 0.796875 0.464844 0.303125 0.314063
1 0.795312 0.466406 0.293750 0.304688
1 0.450000 0.614062 0.093750 0.175000
1 0.471875 0.832031 0.131250 0.082812
1 0.450000 0.813281 0.165625 0.176563
