1 0.266406 0.513281 0.317188 0.392188
1 0.529687 0.521094 0.159375 0.307812
1 0.829688 0.468750 0.212500 0.196875
1 0.612500 0.601562 0.175000 0.506250
1 0.828906 0.907031 0.101562 0.189062
1 0.713281 0.889844 0.145313 0.223438
1 0.251563 0.889844 0.115625 0.204687
1 0.810937 0.325000 0.156250 0.081250
1 0.137500 0.891406 0.059375 0.176563
1 0.038281 0.417187 0.035937 0.215625
1 0.478906 0.753906 0.051562 0.151562
1 0.723437 0.703906 0.031250 0.126562
1 0.065625 0.890625 0.018750 0.168750
1 0.597656 0.925781 0.048438 0.151562
1 0.413281 0.946094 0.029687 0.110937
1 0.405469 0.893750 0.114062 0.206250
1 0.498437 0.945312 0.031250 0.112500
1 0.096875 0.461719 0.034375 0.054688
1 0.920312 0.340625 0.043750 0.040625
1 0.945312 0.789844 0.112500 0.345313
