1 0.286719 0.617969 0.098437 0.114062
1 0.161719 0.586719 0.170313 0.223438
1 0.553125 0.596875 0.187500 0.125000
1 0.517188 0.390625 0.112500 0.131250
1 0.257812 0.377344 0.168750 0.185938
1 0.628125 0.389844 0.084375 0.123438
1 0.402344 0.382031 0.110937 0.126562
1 0.719531 0.589844 0.132812 0.114062
1 0.429688 0.617969 0.078125 0.135937
1 0.364844 0.570312 0.020313 0.118750
1 0.320312 0.405469 0.015625 0.079687
1 0.781250 0.540625 0.015625 0.046875
1 0.915625 0.496094 0.115625 0.145313
1 0.923438 0.557031 0.037500 0.089063
1 0.447656 0.132031 0.473438 0.260937
