1 0.497656 0.222656 0.429688 0.323437
1 0.436719 0.783594 0.476562 0.032813
1 0.092188 0.782813 0.168750 0.209375
1 0.849219 0.409375 0.192188 0.084375
1 0.095312 0.647656 0.081250 0.026562
1 0.727344 0.417969 0.054688 0.051562
1 0.480469 0.520312 0.754687 0.487500
1 0.789062 0.232031 0.043750 0.032813
1 0.386719 0.819531 0.076563 0.026562
1 0.532813 0.011719 0.040625 0.020313
1 0.222656 0.170313 0.032813 0.031250
1 0.874219 0.695312 0.032813 0.034375
1 0.397656 0.860938 0.035937 0.031250
1 0.922656 0.697656 0.026562 0.029687
