1 0.248438 0.516406 0.312500 0.404687
1 0.510938 0.514062 0.162500 0.309375
1 0.810937 0.435156 0.212500 0.192188
1 0.595313 0.589063 0.168750 0.509375
1 0.831250 0.889062 0.134375 0.215625
1 0.703125 0.876563 0.153125 0.240625
1 0.240625 0.896875 0.115625 0.200000
1 0.789062 0.297656 0.156250 0.082812
1 0.125000 0.909375 0.059375 0.175000
1 0.018750 0.442969 0.034375 0.217188
1 0.464062 0.745313 0.050000 0.153125
1 0.707812 0.678906 0.031250 0.129688
1 0.054688 0.914062 0.018750 0.165625
1 0.587500 0.915625 0.053125 0.162500
1 0.401562 0.942969 0.031250 0.107813
1 0.393750 0.892969 0.115625 0.207813
1 0.487500 0.939063 0.034375 0.115625
1 0.078125 0.482812 0.034375 0.053125
1 0.898438 0.300000 0.043750 0.037500
1 0.935937 0.743750 0.125000 0.350000
