1 0.314063 0.482812 0.550000 0.253125
1 0.567187 0.903125 0.418750 0.187500
1 0.595313 0.805469 0.100000 0.107813
1 0.837500 0.421875 0.128125 0.150000
1 0.757812 0.566406 0.387500 0.445312
1 0.856250 0.911719 0.103125 0.170313
1 0.459375 0.718750 0.228125 0.075000
1 0.429688 0.656250 0.481250 0.175000
1 0.398438 0.200000 0.168750 0.337500
1 0.970313 0.855469 0.056250 0.257812
1 0.993750 0.557813 0.009375 0.078125
1 0.987500 0.630469 0.021875 0.067187
1 0.543750 0.357812 0.078125 0.087500
1 0.946875 0.717969 0.015625 0.107813
1 0.615625 0.337500 0.028125 0.087500
1 0.992188 0.389062 0.012500 0.040625
1 0.984375 0.456250 0.028125 0.050000
