1 0.219531 0.785937 0.282813 0.387500
1 0.387500 0.671094 0.212500 0.254688
1 0.612500 0.607812 0.203125 0.256250
1 0.464844 0.417969 0.348438 0.232813
1 0.219531 0.788281 0.285938 0.398438
1 0.385156 0.671875 0.217188 0.265625
1 0.613281 0.604688 0.201563 0.256250
1 0.466406 0.417969 0.354687 0.242188
1 0.860156 0.591406 0.098437 0.179688
1 0.864062 0.829688 0.275000 0.296875
1 0.250781 0.334375 0.089063 0.143750
1 0.500781 0.991406 0.095312 0.020313
1 0.403906 0.298438 0.060937 0.093750
1 0.349219 0.389844 0.045312 0.082812
1 0.557813 0.870313 0.125000 0.106250
1 0.533594 0.847656 0.145313 0.195312
1 0.496094 0.649219 0.107813 0.170313
1 0.813281 0.481250 0.292187 0.328125
1 0.805469 0.482812 0.267188 0.315625
1 0.497656 0.650000 0.110937 0.171875
1 0.556250 0.865625 0.118750 0.087500
1 0.532813 0.848437 0.137500 0.184375
