1 0.854688 0.693750 0.287500 0.425000
1 0.175000 0.701562 0.346875 0.309375
1 0.485938 0.761719 0.150000 0.470313
1 0.206250 0.300000 0.134375 0.362500
1 0.340625 0.264062 0.109375 0.425000
1 0.489063 0.268750 0.112500 0.375000
1 0.370312 0.771875 0.087500 0.200000
1 0.865625 0.278906 0.140625 0.370312
1 0.631250 0.934375 0.090625 0.125000
1 0.420312 0.357812 0.056250 0.228125
1 0.043750 0.082812 0.084375 0.162500
1 0.120313 0.953125 0.162500 0.087500
1 0.171875 0.930469 0.340625 0.132812
1 0.739062 0.270313 0.087500 0.096875
1 0.657813 0.267969 0.375000 0.442188
