1 0.700781 0.407031 0.601562 0.251563
1 0.829688 0.347656 0.018750 0.017188
1 0.200000 0.534375 0.362500 0.346875
1 0.117969 0.706250 0.117188 0.021875
1 0.995313 0.429688 0.012500 0.034375
1 0.176563 0.679688 0.140625 0.059375
1 0.610938 0.632812 0.096875 0.050000
1 0.559375 0.754687 0.059375 0.075000
1 0.505469 0.911719 0.142187 0.132812
1 0.610156 0.876563 0.151562 0.150000
1 0.377344 0.482031 0.157812 0.139063
1 0.990625 0.657813 0.021875 0.053125
1 0.437500 0.950000 0.078125 0.071875
1 0.525000 0.294531 0.193750 0.076563
1 0.590625 0.582031 0.350000 0.110937
1 0.799219 0.794531 0.364063 0.273438
