1 0.220312 0.374219 0.243750 0.320312
1 0.871875 0.491406 0.253125 0.520312
1 0.687500 0.376563 0.134375 0.315625
1 0.795312 0.667969 0.175000 0.232813
1 0.932813 0.217969 0.131250 0.342187
1 0.203125 0.680469 0.153125 0.242188
1 0.546875 0.393750 0.140625 0.250000
1 0.403125 0.356250 0.109375 0.275000
1 0.342187 0.647656 0.050000 0.167187
1 0.656250 0.653125 0.084375 0.212500
1 0.676562 0.712500 0.043750 0.087500
1 0.437500 0.416406 0.096875 0.220312
1 0.542188 0.634375 0.081250 0.175000
1 0.434375 0.645312 0.084375 0.146875
1 0.989062 0.535156 0.018750 0.132812
1 0.585938 0.132812 0.143750 0.262500
1 0.532813 0.055469 0.150000 0.107813
1 0.253125 0.074219 0.040625 0.145313
1 0.157812 0.064062 0.056250 0.125000
1 0.340625 0.067969 0.034375 0.132812
1 0.707812 0.132812 0.050000 0.128125
1 0.475000 0.182812 0.046875 0.137500
1 0.406250 0.028906 0.028125 0.054688
1 0.637500 0.216406 0.040625 0.029687
