1 0.321094 0.825781 0.217188 0.254688
1 0.785937 0.510156 0.165625 0.398438
1 0.294531 0.382812 0.104688 0.190625
1 0.723437 0.934375 0.203125 0.062500
1 0.898438 0.830469 0.109375 0.245312
1 0.167969 0.300000 0.095312 0.237500
1 0.164062 0.453125 0.231250 0.459375
1 0.614062 0.446875 0.121875 0.190625
1 0.921094 0.400000 0.079687 0.150000
1 0.515625 0.878125 0.028125 0.171875
1 0.438281 0.906250 0.035937 0.118750
1 0.553906 0.894531 0.026562 0.114062
1 0.785937 0.010937 0.075000 0.018750
1 0.500781 0.360938 0.310937 0.584375
