1 0.535156 0.692969 0.754687 0.142187
1 0.178906 0.432031 0.148438 0.232813
1 0.696094 0.492188 0.167187 0.246875
1 0.826562 0.497656 0.106250 0.207813
1 0.346875 0.442188 0.146875 0.203125
1 0.523438 0.475781 0.143750 0.217188
1 0.966406 0.467969 0.070312 0.273438
1 0.064844 0.053906 0.048438 0.104688
1 0.434375 0.135156 0.796875 0.264062
1 0.046875 0.320312 0.068750 0.093750
1 0.024219 0.787500 0.045312 0.078125
1 0.990625 0.092188 0.021875 0.056250
1 0.923438 0.091406 0.056250 0.067187
1 0.032813 0.932031 0.056250 0.045312
1 0.106250 0.766406 0.209375 0.410938
1 0.177344 0.253125 0.101562 0.028125
1 0.013281 0.489063 0.023438 0.053125
1 0.881250 0.103906 0.031250 0.048438
