1 0.470313 0.862500 0.237500 0.262500
1 0.637500 0.818750 0.190625 0.325000
1 0.793750 0.086719 0.184375 0.170313
1 0.901563 0.360156 0.193750 0.167187
1 0.085938 0.078906 0.168750 0.154688
1 0.062500 0.766406 0.121875 0.079687
1 0.745313 0.822656 0.087500 0.332813
1 0.735938 0.578125 0.525000 0.712500
1 0.401562 0.310156 0.118750 0.157812
1 0.556250 0.124219 0.096875 0.104688
1 0.171875 0.378125 0.109375 0.137500
1 0.365625 0.401562 0.640625 0.315625
1 0.051562 0.897656 0.100000 0.117188
1 0.965625 0.066406 0.065625 0.129688
1 0.265625 0.011719 0.171875 0.020313
1 0.403125 0.032813 0.028125 0.062500
1 0.021875 0.668750 0.040625 0.025000
