1 0.504687 0.295312 0.250000 0.187500
1 0.123438 0.589063 0.200000 0.425000
1 0.385937 0.542969 0.143750 0.232813
1 0.860938 0.780469 0.256250 0.332813
1 0.848437 0.510156 0.250000 0.292187
1 0.489063 0.516406 0.100000 0.254688
1 0.265625 0.585156 0.121875 0.217188
1 0.664062 0.531250 0.093750 0.200000
1 0.210938 0.385156 0.106250 0.132812
1 0.451562 0.818750 0.175000 0.200000
1 0.423438 0.807813 0.550000 0.287500
1 0.285938 0.339062 0.031250 0.140625
1 0.581250 0.524219 0.034375 0.170313
1 0.334375 0.378906 0.021875 0.120313
