1 0.359375 0.870313 0.209375 0.253125
1 0.779687 0.511719 0.143750 0.395313
1 0.276562 0.435156 0.106250 0.182812
1 0.773438 0.946875 0.193750 0.100000
1 0.946875 0.826562 0.103125 0.265625
1 0.132812 0.366406 0.118750 0.229687
1 0.151562 0.520312 0.268750 0.446875
1 0.598437 0.465625 0.112500 0.187500
1 0.898438 0.391406 0.068750 0.154688
1 0.554688 0.903906 0.025000 0.170313
1 0.485938 0.939063 0.025000 0.115625
1 0.600000 0.915625 0.021875 0.112500
1 0.704688 0.014063 0.093750 0.025000
1 0.475000 0.396875 0.253125 0.575000
