1 0.460156 0.239063 0.432812 0.318750
1 0.521094 0.800000 0.470313 0.093750
1 0.174219 0.866406 0.142187 0.242188
1 0.842187 0.357031 0.171875 0.110937
1 0.153906 0.729688 0.079687 0.028125
1 0.721875 0.389844 0.046875 0.057813
1 0.495312 0.559375 0.800000 0.425000
1 0.742969 0.199219 0.039062 0.035937
1 0.480469 0.842969 0.073438 0.023438
1 0.438281 0.025000 0.035937 0.040625
1 0.166406 0.242969 0.029687 0.032813
1 0.932813 0.631250 0.034375 0.034375
1 0.500781 0.880469 0.032813 0.029687
1 0.982812 0.624219 0.028125 0.029687
