1 0.192188 0.490625 0.381250 0.512500
1 0.507812 0.556250 0.200000 0.475000
1 0.264062 0.074219 0.150000 0.145313
1 0.514062 0.078906 0.118750 0.154688
1 0.089063 0.107813 0.143750 0.212500
1 0.631250 0.080469 0.090625 0.157812
1 0.912500 0.307812 0.121875 0.071875
1 0.820312 0.495312 0.350000 0.537500
1 0.390625 0.064062 0.090625 0.125000
1 0.757812 0.060156 0.150000 0.117188
1 0.700000 0.864062 0.596875 0.265625
1 0.237500 0.926562 0.196875 0.140625
1 0.034375 0.797656 0.065625 0.257812
1 0.343750 0.921875 0.078125 0.150000
1 0.939063 0.142969 0.118750 0.242188
