1 0.835938 0.457031 0.156250 0.126562
1 0.925781 0.468750 0.057813 0.093750
1 0.828906 0.539844 0.120313 0.035937
1 0.958594 0.403125 0.035937 0.031250
1 0.914844 0.577344 0.023438 0.020313
1 0.964063 0.521875 0.071875 0.143750
1 0.111719 0.557813 0.164062 0.125000
1 0.057031 0.485156 0.101562 0.104688
1 0.138281 0.468750 0.048438 0.046875
1 0.144531 0.329688 0.285938 0.153125
1 0.250000 0.407813 0.165625 0.043750
1 0.884375 0.349219 0.165625 0.064062
1 0.732031 0.147656 0.089063 0.054688
1 0.555469 0.167969 0.167187 0.039062
1 0.275781 0.477344 0.185938 0.048438
1 0.528125 0.621875 0.215625 0.081250
