1 0.251563 0.557031 0.290625 0.457813
1 0.483594 0.511719 0.189062 0.298438
1 0.775781 0.360938 0.214062 0.206250
1 0.567187 0.556250 0.181250 0.515625
1 0.871875 0.787500 0.162500 0.206250
1 0.742188 0.812500 0.187500 0.234375
1 0.287500 0.914062 0.125000 0.159375
1 0.732812 0.228906 0.146875 0.101562
1 0.168750 0.941406 0.068750 0.107813
1 0.005469 0.569531 0.007812 0.157812
1 0.482031 0.729688 0.045312 0.153125
1 0.715625 0.610156 0.028125 0.132812
1 0.096875 0.954688 0.028125 0.084375
1 0.634375 0.870313 0.075000 0.150000
1 0.452344 0.937500 0.048438 0.096875
1 0.441406 0.890625 0.132812 0.196875
1 0.537500 0.914062 0.053125 0.106250
1 0.057031 0.568750 0.035937 0.053125
1 0.836719 0.195312 0.045312 0.031250
1 0.928125 0.585156 0.106250 0.301563
