1 0.607031 0.869531 0.295312 0.264062
1 0.776563 0.781250 0.218750 0.331250
1 0.685156 0.063281 0.189062 0.114062
1 0.878906 0.289062 0.201563 0.168750
1 0.042188 0.143750 0.068750 0.109375
1 0.182812 0.859375 0.131250 0.084375
1 0.856250 0.764844 0.178125 0.307812
1 0.720313 0.438281 0.562500 0.470313
1 0.382031 0.339844 0.123438 0.145313
1 0.479687 0.126562 0.096875 0.106250
1 0.188281 0.460156 0.117188 0.135937
1 0.410156 0.478125 0.617188 0.356250
1 0.200781 0.964063 0.104688 0.075000
1 0.163281 0.077344 0.164062 0.054688
1 0.302344 0.067969 0.042188 0.060937
1 0.116406 0.773438 0.042188 0.031250
