1 0.341406 0.690625 0.082812 0.162500
1 0.252344 0.675781 0.089063 0.179688
1 0.525000 0.692969 0.084375 0.167187
1 0.432031 0.688281 0.079687 0.154688
1 0.500781 0.451562 0.373437 0.209375
1 0.542188 0.644531 0.206250 0.182812
1 0.691406 0.605469 0.023438 0.054688
1 0.715625 0.643750 0.078125 0.150000
1 0.682031 0.595313 0.114062 0.184375
1 0.706250 0.492969 0.078125 0.123438
1 0.666406 0.219531 0.195312 0.189062
1 0.821875 0.244531 0.125000 0.148438
1 0.897656 0.246094 0.064062 0.082812
1 0.182812 0.212500 0.362500 0.246875
