2 0.431250 0.103906 0.528125 0.204687
2 0.245312 0.248438 0.487500 0.359375
2 0.161719 0.515625 0.320312 0.381250
2 0.073438 0.310156 0.128125 0.151562
2 0.746875 0.201563 0.278125 0.231250
2 0.911719 0.077344 0.179688 0.151562
2 0.875781 0.044531 0.179688 0.085938
2 0.090625 0.430469 0.178125 0.120313
2 0.744531 0.347656 0.514062 0.226562
2 0.236719 0.728125 0.457813 0.318750
2 0.722656 0.538281 0.557813 0.182812
2 0.228125 0.867188 0.328125 0.137500
2 0.529687 0.884375 0.428125 0.234375
2 0.603125 0.751563 0.296875 0.243750
2 0.861719 0.828125 0.279687 0.346875
