0 0.784856 0.394231 0.093750 0.783654
0 0.498798 0.623798 0.026442 0.444712
0 0.453125 0.581731 0.021635 0.572115
0 0.423077 0.706731 0.038462 0.283654
0 0.542067 0.197115 0.896635 0.149038
0 0.629808 0.453125 0.711538 0.098558
0 0.605769 0.401442 0.759615 0.120192
0 0.646635 0.503606 0.697115 0.084135
0 0.649038 0.527644 0.692308 0.064904
0 0.373798 0.756010 0.132212 0.088942
0 0.578125 0.213942 0.050481 0.384615
0 0.448317 0.203125 0.074519 0.387019
0 0.510817 0.200721 0.040865 0.377404
0 0.531250 0.239183 0.033654 0.425481
0 0.427885 0.225962 0.024038 0.442308
0 0.544471 0.671875 0.021635 0.137019
0 0.984375 0.618990 0.026442 0.079327
