0 0.614183 0.698317 0.343750 0.603365
0 0.769231 0.206731 0.283654 0.360577
0 0.828125 0.367788 0.334135 0.413462
0 0.884615 0.490385 0.221154 0.245192
0 0.859375 0.973558 0.271635 0.038462
0 0.497596 0.556490 0.985577 0.098558
0 0.268029 0.431490 0.521635 0.079327
0 0.878606 0.491587 0.237981 0.026442
0 0.875000 0.460337 0.245192 0.036058
0 0.281250 0.385817 0.543269 0.074519
0 0.599760 0.048077 0.795673 0.081731
0 0.510817 0.365385 0.954327 0.076923
0 0.290865 0.956731 0.576923 0.033654
0 0.493990 0.687500 0.983173 0.033654
0 0.498798 0.651442 0.992788 0.024038
